3
3
11506 6100
9112 1855
5027 5287
11070 6346 0 0 -1 1
11942 5854 0 0 -1 1
10199 6837 0 0 -1 1
12813 5363 0 0 -1 1
11030 6254 -33 -77 246 1
11567 5323 -319 -450 235 1
10178 6739 -18 -83 258 1
12740 5294 -61 -58 223 1
10995 6155 -30 -84 264 1
11170 4814 -337 -432 217 1
10021 6021 -133 -610 258 1
12606 5167 -113 -107 223 1
10966 5987 -24 -142 271 1
10803 4357 -312 -388 219 1
9867 5313 -131 -601 258 1
12420 4991 -157 -149 223 1
10943 5801 -19 -158 271 1
10452 3909 -298 -381 237 1
9715 4614 -129 -593 258 1
12190 4773 -195 -185 223 1
10923 5630 -17 -145 263 1
10138 3408 -128 -550 229 1
9486 3979 -333 -415 240 1
11922 4519 -227 -215 223 1
10900 5462 -19 -142 255 1
9978 2837 -135 -485 214 1
9132 3466 -301 -435 258 1
11622 4235 -254 -241 223 1
10867 5254 -27 -176 258 1
9813 2343 -140 -419 196 1
8841 2931 -247 -454 276 1
11295 3925 -277 -263 223 1
10830 5027 -31 -192 259 1
9673 1924 -119 -356 178 2
8634 2385 -175 -463 294 1
10945 3593 -297 -281 223 1
-1 -1 -1 -1 -1 -1
-1 -1 -1 -1 -1 -1
-1 -1 -1 -1 -1 -1
-1 -1 -1 -1 -1 -1
