3
6
10263 4944
6111 2204
3035 5215
6257 7746
14074 7776
13896 1232
9988 5361 0 0 -1 1
10538 4527 0 0 -1 1
9437 6196 0 0 -1 1
11089 3692 0 0 -1 1
9833 5235 -131 -107 219 1
9962 4225 -489 -256 208 1
9309 6042 -108 -130 230 1
10924 3578 -139 -96 215 1
9547 5042 -159 -298 201 1
9371 3905 -502 -272 212 1
9113 5747 -250 -115 248 1
10594 3424 -280 -131 197 1
9278 4736 -228 -260 184 1
8869 3633 -426 -231 209 1
8849 5432 -224 -267 266 1
10114 3296 -407 -108 179 1
9032 4288 -198 -397 202 1
8247 3363 -528 -229 191 1
8460 5123 -341 -245 248 1
9516 3130 -508 -141 197 1
8707 3784 -276 -428 220 1
7652 3142 -505 -188 173 1
8044 4693 -353 -365 248 1
8844 2874 -571 -217 215 1
8365 3254 -290 -450 237 1
7029 2971 -529 -145 172 1
7616 4143 -363 -467 248 1
7651 2467 -1013 -345 197 1
8075 2804 -246 -382 226 1
6307 2983 -614 10 158 1
7124 3523 -417 -527 230 1
6831 1965 -696 -426 179 1
7684 2345 -332 -390 208 1
5693 2993 -521 8 176 1
6707 2996 -354 -447 212 1
6135 1539 -591 -362 161 2
7303 1946 -323 -339 190 1
5172 3001 -442 6 182 1
6353 2549 -300 -379 194 2
5544 1177 -502 -307 161 2
6980 1607 -274 -288 176 1
4730 3007 -375 5 200 1
6053 2170 -255 -322 176 2
5042 870 -426 -260 143 2
6706 1319 -232 -244 158 1
4308 3007 -358 0 187 1
5798 1848 -216 -273 158 2
4616 610 -362 -221 125 2
6474 1075 -197 -207 147 1
3912 2994 -336 -11 199 1
5429 1704 -313 -122 140 2
4196 580 -357 -25 107 2
6277 868 -167 -175 129 1
3576 2983 -285 -9 187 1
5010 1752 -356 40 122 2
3842 755 -300 148 89 2
6086 750 -161 -100 112 1
3291 2974 -242 -7 169 1
4606 1986 -343 198 104 2
3542 903 -255 125 71 2
5910 849 -149 84 94 1
3049 2967 -205 -5 182 1
4277 2384 -279 337 86 2
3407 1188 -114 242 53 2
5775 989 -115 119 76 1
2844 2962 -174 -4 168 1
3950 2915 -278 451 104 2
3457 1545 42 303 35 2
5703 1266 -61 235 75 1
2641 2973 -172 9 152 1
3686 3566 -224 552 86 2
3663 1963 174 355 35 2
5632 1701 -60 369 93 1
2364 3069 -235 81 140 1
3537 4303 -126 626 68 2
3837 2318 147 301 35 2
5524 2235 -91 454 106 2
2117 3166 -209 82 126 1
3411 4929 -107 532 50 3
3984 2619 124 255 53 2
5342 2823 -154 500 124 2
1878 3333 -203 141 109 1
3474 5567 53 542 32 3
4108 2874 105 216 71 2
5168 3338 -147 438 142 2
1672 3601 -175 227 91 1
3721 6157 210 501 14 3
4278 3279 144 344 71 2
5199 3863 103 455 158 2
1547 3998 -105 337 73 1
4131 6644 348 413 356 3
4118 3588 -212 253 53 2
5175 4328 -20 394 176 2
1447 4347 -84 296 65 1
4679 7043 465 339 356 3
4070 3956 -40 312 35 2
5067 4753 -91 361 161 2
1413 4756 -29 347 66 1
5344 7368 564 276 356 3
4194 4383 105 362 35 2
5129 5277 167 497 179 2
1484 5215 60 389 48 1
6108 7630 648 222 356 4
4066 4747 -223 257 53 2
5217 5751 75 402 197 2
1700 5694 183 407 30 1
6950 7900 715 229 14 4
3843 5004 -189 218 35 2
5096 6114 -102 308 191 2
2063 6175 308 408 22 1
7865 8115 777 182 356 4
3654 5222 -160 185 35 2
4935 6429 -136 267 173 2
2494 6608 365 367 11 1
8827 8222 818 91 338 4
3494 5407 -136 157 17 3
4715 6680 -187 213 191 2
2859 6975 310 311 24 1
9830 8238 852 13 338 4
3358 5564 -115 133 17 3
4512 6888 -172 176 197 2
3266 7358 346 325 37 1
10867 8176 881 -52 338 4
3243 5697 -97 113 17 3
4340 7064 -146 149 215 2
3761 7734 421 319 19 1
11901 7995 879 -153 320 4
3146 5810 -82 96 35 3
4059 7148 -238 71 206 2
4375 8104 522 314 15 1
12780 7842 747 -130 302 4
3064 5906 -69 81 53 3
3799 7198 -221 42 224 2
5033 8411 559 260 357 1
13575 7518 676 -275 284 5
3060 6176 -3 229 71 3
3473 7147 -276 -43 222 2
5701 8656 567 208 352 1
14237 7043 562 -403 266 5
3057 6405 -2 194 71 3
3330 7359 -101 218 240 2
6408 8818 600 137 342 1
14724 6455 414 -500 248 5
2879 6271 -171 -151 71 3
3182 7461 -125 86 248 2
7034 8939 532 102 328 1
15009 5802 242 -555 230 5
2773 6309 -90 32 71 3
3055 7540 -108 67 250 2
7652 8967 525 23 319 1
15122 5094 96 -601 230 5
2748 6530 -21 187 71 3
2910 7496 -70 172 253 2
8288 8823 540 -122 304 1
15048 4387 -62 -600 212 5
2709 6645 -86 -111 89 3
2809 7507 -86 9 259 2
8871 8575 495 -210 289 1
14857 3634 -161 -640 230 5
2623 6534 -73 -94 89 3
2734 7316 -63 -162 273 2
9370 8297 424 -236 274 1
14567 2841 -246 -674 230 5
2550 6440 -62 -79 71 3
2702 7336 -10 96 255 2
9777 7994 346 -257 256 1
14246 1982 -272 -730 248 5
2494 6265 -63 -228 71 3
2692 7432 -8 81 256 2
10123 7737 294 -218 238 1
13974 1252 -231 -620 248 0
2496 6226 1 -33 71 3
2694 7361 1 -60 274 2
10389 7463 226 -233 244 1
13743 632 -196 -527 230 0
2497 6193 0 -28 71 3
2724 7138 90 129 276 2
10543 7078 130 -326 245 1
13377 -1 -310 -538 212 0
2555 6320 -15 -211 71 3
2810 7067 72 -60 269 2
10659 6737 98 -289 227 1
12873 -587 -428 -498 194 0
2660 6269 89 -43 53 3
2942 7205 114 127 271 2
10616 6370 -36 -311 209 1
12445 -1085 -363 -423 212 0
2756 6105 79 -149 71 3
3014 7147 61 -49 257 2
10560 6048 -47 -273 209 1
12082 -1508 -308 -359 194 0
2835 5956 67 -126 71 3
3055 7009 34 -117 257 2
10513 5775 -39 -232 197 1
11774 -1867 -261 -305 176 0
2905 6030 59 62 89 3
3152 7072 107 213 271 2
10474 5543 -33 -197 188 1
11513 -2172 -221 -259 158 0
2971 5902 31 -269 71 3
3224 7166 60 80 253 2
10441 5346 -28 -167 172 1
11292 -2431 -187 -220 140 0
3005 5833 29 -58 89 3
3229 7054 4 -95 254 2
10413 5179 -23 -141 169 1
11105 -2651 -158 -187 122 0
3034 5775 24 -49 89 3
3221 6813 -6 -205 265 2
10390 5038 -19 -119 151 1
10899 -2644 -175 6 104 0
3061 5926 23 128 89 3
3273 7188 71 472 247 2
10313 4945 -65 -78 156 1
10738 -2438 -136 174 86 0
3070 5978 5 28 71 3
3330 7587 48 339 259 2
10248 4867 -55 -66 154 1
10677 -2079 -51 305 68 0
3075 6006 4 23 89 3
3293 7770 -31 155 241 2
10193 4801 -46 -56 155 1
10701 -1589 20 416 68 0
3079 6029 3 19 71 3
3257 7901 -30 111 259 2
10022 4760 -145 -34 173 1
10735 -973 28 523 86 0
3082 6048 2 16 89 3
3217 7922 -33 17 264 2
9846 4729 -149 -26 174 1
10777 -250 35 614 86 0
3087 6264 4 183 89 3
3167 7740 -42 -154 265 2
9669 4703 -150 -22 180 1
10764 558 -11 686 104 0
3091 6447 3 155 89 3
3070 7602 -80 302 254 2
9421 4663 -211 -34 191 1
10705 1438 -50 748 104 0
3097 6594 3 -294 89 3
2963 7706 -91 88 262 2
9071 4563 -297 -84 205 1
10549 2356 -132 779 122 0
3100 6300 2 -249 107 3
2883 7732 -68 22 280 2
8702 4412 -313 -128 223 1
10417 3135 -112 662 140 0
3044 6242 -48 -49 107 3
2852 7557 -26 -148 281 2
8331 4238 -315 -148 219 1
10305 3797 -95 562 158 0
2996 6193 -40 -41 89 3
2857 7353 3 -173 299 2
7968 4054 -308 -156 217 1
10210 4359 -80 477 176 1
2959 6352 -31 135 89 3
2857 7484 -17 285 300 2
7658 3895 -263 -135 232 1
9936 4788 -232 364 194 1
2967 6326 24 -196 89 3
2903 7579 39 80 288 2
7395 3760 -223 -114 240 1
9534 5046 -341 219 212 1
2991 6130 20 -166 71 3
2983 7515 68 -54 286 2
7152 3611 -206 -126 241 1
9064 5112 -399 55 230 1
3014 6164 19 28 89 3
3045 7283 52 -197 268 2
6928 3396 -190 -182 259 1
8536 5014 -448 -83 230 1
3036 6392 19 193 89 3
3137 7383 80 162 286 2
6738 3214 -161 -154 249 1
8013 4746 -444 -228 248 1
3045 6184 5 -254 89 3
3215 7474 65 77 268 2
6577 3060 -136 -130 231 1
7555 4318 -389 -363 266 1
3115 6119 59 -55 71 3
3276 7540 51 55 250 2
6441 2930 -115 -110 237 1
7166 3955 -330 -308 266 1
3174 6064 50 -46 89 3
3265 7465 -9 -63 245 2
6312 2799 -327 -430 224 1
6775 3482 -114 -82 248 1
3224 6018 42 -39 107 3
3220 7205 -38 -220 260 2
5942 2348 -314 -383 206 2
6586 3215 -160 -227 248 1
3208 6170 -14 129 107 3
3159 7299 -53 279 261 2
5430 1936 -435 -349 188 2
6426 2988 -136 -192 230 1
3200 6046 -5 -305 89 3
3106 7578 -45 237 256 2
4870 1609 -476 -278 170 2
6120 2690 -259 -253 212 2
3195 5741 -4 -259 107 3
3032 7705 -62 107 255 2
4306 1377 -479 -197 152 2
5861 2437 -220 -215 194 2
3194 5682 0 -50 89 3
2980 7612 -43 -78 273 2
3748 1246 -474 -111 140 2
5441 2236 -356 -170 176 2
3136 5823 -49 120 107 3
2932 7368 -41 -207 268 2
3138 1270 -518 20 135 2
4900 2141 -460 -80 158 2
3090 6143 -38 271 89 3
2833 7390 -143 382 266 2
2601 1326 -456 47 117 2
4440 2061 -391 -68 140 2
3045 6291 21 -238 107 3
2702 7613 -111 189 274 2
2132 1455 -398 109 99 2
3943 2163 -422 86 122 2
3008 6244 -31 -39 107 3
2591 7802 -94 160 280 2
1765 1762 -312 260 81 2
3473 2443 -399 238 104 2
2919 6396 -76 129 107 3
2498 7882 -78 68 271 2
1460 2067 -259 259 82 2
3088 2881 -327 371 86 2
2843 6525 -64 109 125 3
2413 7922 -71 33 257 2
1186 2414 -232 294 100 2
2836 3437 -214 472 68 2
2664 6798 -151 231 125 3
2256 7787 -225 164 246 2
963 2908 -189 419 87 2
2751 4062 -72 531 50 2
2518 7014 -31 -95 125 3
1970 7802 -270 76 258 2
784 3371 -151 393 77 2
2849 4699 82 541 32 3
2347 6993 -118 -81 143 3
1667 7746 -257 -47 256 2
631 3802 -130 366 94 2
3125 5288 234 500 14 3
2069 7032 -236 33 143 3
1282 7716 -337 -7 252 2
522 4252 -92 382 76 2
3553 5836 363 466 14 3
1919 6921 -116 -112 161 3
942 7557 -289 -135 269 2
453 4670 -58 355 58 2
4110 6350 473 437 14 3
1803 6809 -98 -95 179 3
701 7262 -204 -250 287 2
547 5152 79 409 40 2
4777 6835 567 412 14 3
1705 6714 -83 -80 197 3
520 6978 -153 -241 305 2
798 5663 213 434 31 2
5544 7233 651 338 356 3
1458 6519 -209 -165 215 3
464 6655 -47 -274 319 2
484 5275 -526 -677 32 2
6389 7619 718 328 14 4
1319 6447 -92 -26 215 3
322 6344 -232 -252 331 2
152 4648 -282 -533 14 2
7307 7933 779 266 356 4
1247 6419 -49 -25 233 3
101 6088 -187 -217 343 2
63 4166 -75 -409 15 2
8271 8124 819 162 338 4
1198 6394 -41 -21 251 3
110 5834 8 -216 349 2
151 3754 74 -349 359 2
9275 8211 853 74 338 4
1157 6373 -34 -17 269 3
318 5623 176 -179 1 2
420 3451 228 -257 13 2
10281 8156 855 -46 320 4
1123 6356 -28 -14 287 3
691 5480 316 -121 10 2
807 3219 328 -196 9 2
11321 8035 884 -102 338 4
1153 6151 25 -174 287 3
882 5009 155 -410 28 2
1225 3023 355 -166 0 2
12205 7933 751 -86 320 4
1476 6221 281 69 269 3
1222 4676 288 -283 22 2
1749 2803 444 -187 342 2
13062 7677 728 -217 302 4
1754 6090 235 -111 269 3
1510 4393 244 -240 6 2
2329 2541 492 -222 331 2
13838 7266 659 -349 284 5
1986 5779 196 -264 269 3
1777 4163 226 -195 24 2
3017 2277 584 -224 348 2
14483 6717 548 -466 266 5
2182 5515 166 -224 287 3
2003 3968 192 -165 42 2
3666 2054 551 -189 1 2
14956 6066 402 -553 248 5
2348 5291 141 -190 287 3
2195 3803 163 -140 53 2
4407 1927 629 -107 18 2
15229 5360 232 -600 230 5
2489 5101 119 -161 269 3
2424 3852 194 41 71 2
5211 1917 683 -8 29 2
15291 4654 53 -600 212 5
2608 4940 101 -136 269 3
2576 3815 86 -286 89 2
6090 1947 747 25 11 2
15174 3948 -99 -600 212 5
2752 4882 164 205 269 3
2645 3728 58 -73 95 2
7034 2005 802 49 10 2
14946 3195 -193 -640 230 5
2851 4898 84 13 251 3
2747 3845 86 99 77 2
8016 2043 834 32 357 2
14583 2449 -308 -634 212 5
2870 4722 16 -149 251 3
2738 3586 -18 -292 95 2
8865 2079 721 30 15 2
14081 1767 -426 -580 194 0
2961 4915 88 235 269 3
2713 3494 -21 -78 92 2
9586 2109 612 25 28 2
13655 1187 -362 -493 176 0
2984 4961 19 39 251 3
2636 3570 -65 64 110 2
10198 2134 520 21 40 2
13293 694 -307 -419 158 0
2938 4811 -39 -127 251 3
2571 3634 -55 54 92 2
10718 2155 442 17 58 2
12833 404 -391 -246 140 0
2899 4684 -33 -107 233 3
2492 3649 -155 -224 74 2
11160 2172 375 14 76 2
12336 328 -422 -64 122 0
2859 4545 54 119 251 3
2362 3468 -110 -153 60 2
11530 2306 314 113 92 2
11866 458 -399 110 104 0
2913 4664 45 101 233 3
2268 3333 -80 -114 49 2
11822 2480 248 147 110 2
11481 768 -327 263 86 0
2958 4765 38 85 251 3
2205 3236 -53 -82 44 2
11947 2785 106 258 128 2
11229 1216 -214 381 68 0
2931 4661 -23 -88 251 3
2196 3178 -7 -49 29 2
11957 3148 8 308 132 2
11090 1782 -118 481 68 0
2908 4573 -19 -74 251 3
2189 3129 -5 -41 17 2
11839 3546 -100 338 144 2
10986 2463 -88 578 86 0
2889 4499 -16 -62 269 3
2208 3105 15 -20 35 2
11733 3892 -90 294 128 2
10850 3235 -115 656 104 0
2873 4437 -13 -52 269 3
2345 3243 116 117 52 2
11643 4186 -76 249 140 2
10735 3891 -97 557 122 0
2795 4196 -66 -204 251 3
2308 3086 -124 -327 70 2
11567 4435 -64 211 149 2
10485 4577 -212 582 140 1
2885 4265 169 253 251 3
2307 2917 0 -143 52 2
11435 4666 -112 196 163 2
10273 5159 -180 494 158 1
3054 4518 143 215 233 3
2336 2840 24 -65 66 2
11179 4901 -217 200 165 2
10093 5653 -153 419 176 1
3132 4544 66 22 251 3
2376 2929 34 75 84 2
10769 5154 -348 214 165 2
9940 6072 -130 356 194 1
3078 4406 -46 -117 233 3
2411 3074 30 123 89 2
10325 5373 -377 185 177 2
9640 6322 -254 212 212 1
2912 4129 -141 -235 233 3
2310 3010 -219 -336 78 2
9761 5629 -479 217 159 2
9386 6534 -215 180 230 1
2818 4088 53 247 233 3
2171 2853 -118 -133 66 2
9221 5895 -458 226 141 2
9171 6714 -182 153 248 1
2871 4335 45 209 233 3
2109 2844 -52 -7 66 2
8763 6108 -389 176 123 2
8993 6999 -150 282 266 1
2916 4544 38 177 251 3
2150 2946 34 86 50 2
8374 6284 -330 149 105 2
8891 7087 -86 74 284 1
2889 4532 -23 -10 251 3
2329 3170 151 190 44 2
8044 6433 -280 126 123 2
8791 6961 -84 -106 266 1
2801 4333 -74 -169 251 3
2472 3204 -12 -333 56 2
7764 6559 -238 107 138 2
8632 6670 -135 -247 248 1
2843 4286 169 322 269 3
2524 3060 44 -122 71 2
7526 6666 -202 90 138 2
8422 6238 -178 -367 248 1
3009 4408 140 103 269 3
2572 3138 40 66 89 2
7324 6756 -171 76 156 2
8169 5686 -214 -469 248 1
3084 4322 63 -73 251 3
2615 3263 36 106 87 2
7153 6832 -145 64 172 2
7826 5064 -291 -528 230 1
3027 4089 -48 -197 233 3
2461 3037 -178 -285 71 2
6949 6891 -173 50 185 2
7406 4383 -356 -579 230 1
3088 4182 99 171 233 3
2355 2935 -90 -86 69 2
6605 6870 -292 -17 203 2
7050 3804 -302 -492 212 1
3067 4193 -18 9 233 3
2291 2930 -54 -4 72 2
6190 6808 -352 -52 200 2
6578 3206 -400 -508 212 1
3049 4202 -15 7 233 3
2302 3093 9 138 69 2
5838 6756 -299 -44 215 2
6178 2698 -340 -431 194 2
2914 4049 -115 -129 233 3
2167 3143 -279 -188 74 2
5448 6612 -331 -122 228 2
5638 2281 -458 -354 176 2
2879 4041 134 223 233 3
1970 3137 -167 -4 66 2
5011 6320 -371 -247 238 2
5180 1927 -389 -300 158 2
2849 4149 -25 92 215 3
1920 3295 -42 134 54 2
4639 6072 -316 -211 222 2
4791 1627 -330 -255 140 2
2824 4241 -21 78 233 3
1940 3484 17 160 41 2
4286 5808 -300 -224 235 2
4355 1542 -370 -72 122 2
2683 4159 -120 -69 233 3
1788 3459 -258 -136 32 2
3849 5438 -371 -314 227 2
3937 1664 -355 103 104 2
2700 4243 144 186 215 3
1582 3367 -175 -78 40 2
3477 5122 -316 -268 245 3
3596 1967 -289 257 86 2
2844 4429 122 158 233 3
1454 3364 -109 -2 58 2
3530 5156 124 114 251 3
3382 2409 -181 376 68 2
2543 4130 -335 -340 215 3
1308 3361 -514 -216 69 2
3593 5142 53 -11 244 3
3215 2985 -141 489 86 2
2063 3757 -17 -103 197 3
865 3245 -376 -98 55 2
3543 4960 -42 -155 239 3
3149 3659 -56 573 68 2
2046 3654 -14 -87 179 3
590 3320 -233 63 60 2
3541 4905 197 370 243 3
2961 3955 -358 -166 86 2
2032 3567 -11 -73 179 3
376 3416 -181 81 60 2
3632 5160 77 216 227 3
2655 4017 -42 216 86 2
2017 3491 -34 -80 197 3
242 3577 -114 137 60 2
3550 5255 -69 80 217 3
2688 4418 27 341 68 2
1983 3411 -28 -68 215 3
209 3827 -28 212 54 2
3467 5414 185 359 201 3
2671 4760 -270 66 50 3
1955 3343 -23 -57 197 3
326 4154 99 277 38 2
3652 5773 157 305 202 3
2530 4979 -120 186 50 3
1932 3286 -19 -48 197 3
509 4512 155 304 44 2
3692 6038 33 225 199 3
2539 5318 7 288 50 3
1749 3123 -155 -138 215 3
761 4876 214 309 31 2
3609 6194 -70 132 211 3
2716 5712 150 334 32 3
1594 2985 -131 -117 215 3
1022 5221 221 293 37 2
3781 6448 309 295 193 3
2776 6026 -112 187 32 3
1463 2868 -111 -99 215 3
1366 5584 292 308 30 2
4040 6713 220 225 211 3
2834 6319 48 249 32 3
1161 2711 -256 -133 197 3
1768 6013 341 365 48 2
4167 6907 108 164 199 3
2882 6568 40 211 14 3
741 2463 -356 -210 215 3
2237 6532 398 440 50 2
4233 7054 56 124 202 3
3116 6827 198 220 14 3
194 2195 -465 -228 197 3
2673 7162 60 569 68 2
4303 7162 343 140 214 3
3500 7020 351 81 356 3
-271 1967 -395 -193 197 3
2755 7759 69 507 52 2
4840 7339 471 152 205 3
3856 7050 288 23 356 3
-857 1716 -498 -213 197 3
2831 8273 65 436 42 2
5311 7491 400 129 211 3
4338 7121 409 60 14 3
-1555 1506 -593 -178 179 3
2976 8750 123 405 27 2
5664 7573 491 142 214 3
4867 7268 258 51 32 3
-2148 1328 -504 -151 197 3
3296 9188 272 372 9 2
6122 7698 389 106 207 4
5319 7367 384 84 14 3
-2816 1062 -567 -225 215 3
3750 9533 385 292 351 2
6626 7779 482 91 223 4
5640 7326 219 -57 356 3
-3383 837 -481 -191 233 3
4314 9736 479 172 333 2
7031 7733 344 -39 241 4
6053 7317 351 -7 14 4
-3929 457 -464 -323 251 3
4981 9839 566 87 340 2
7375 7694 292 -33 247 4
6404 7310 298 -5 32 4
-4458 -55 -449 -435 251 3
5723 9875 630 30 344 2
7667 7661 248 -28 250 4
6702 7305 253 -4 32 4
-4907 -490 -381 -369 269 3
6546 9853 699 -18 345 2
7915 7633 210 -23 268 4
6955 7301 215 -3 14 4
-5230 -1050 -274 -476 287 3
7418 9784 740 -58 344 2
8125 7610 178 -19 255 4
7170 7298 182 -2 356 4
-5504 -1526 -232 -404 269 3
8285 9700 737 -71 349 2
8298 7561 147 -41 261 4
7352 7296 154 -1 338 4
-5736 -1930 -197 -343 269 3
9125 9572 714 -108 331 2
8439 7418 119 -121 266 4
7506 7295 130 0 356 4
-5933 -2273 -167 -291 269 3
9846 9463 612 -92 349 2
8637 7298 291 -99 255 4
7752 7342 85 38 14 4
-6100 -2564 -141 -247 251 3
10505 9348 559 -97 334 2
8928 7199 247 -84 273 4
8007 7486 216 122 32 4
-6241 -2811 -119 -209 269 3
11064 9251 475 -82 328 2
9175 7115 209 -71 291 4
8393 7714 327 193 32 4
-6360 -3020 -101 -177 287 3
11539 9169 403 -69 316 2
9384 7044 177 -60 309 4
8914 7955 442 205 14 4
-6461 -3197 -85 -150 269 3
11942 9100 342 -58 298 2
9561 6984 150 -51 327 4
9556 8146 545 162 356 4
-6488 -3538 -22 -290 287 3
12284 9042 290 -49 316 2
9904 6881 291 -87 345 4
10301 8294 632 125 356 4
-6452 -4019 31 -409 287 3
12574 8993 246 -41 307 2
10319 6779 352 -87 353 4
10933 8419 537 106 338 4
-6421 -4428 26 -347 269 3
12820 8952 209 -34 325 2
10671 6692 299 -73 346 4
11655 8450 614 26 338 4
-6337 -4966 71 -457 287 3
13029 8918 177 -28 317 2
10985 6617 266 -63 353 4
12269 8476 521 22 338 4
-6151 -5587 157 -527 305 3
13407 9018 377 120 304 2
11251 6554 226 -53 3 4
12589 8370 215 -126 356 4
-5879 -6278 230 -587 305 3
13784 9138 320 102 308 2
11525 6511 232 -36 12 4
12989 8169 340 -170 338 4
-5534 -7029 293 -638 305 3
14202 9084 355 -45 302 2
11852 6530 278 15 30 4
13482 7870 419 -253 320 5
-5126 -7831 346 -681 305 3
14604 8852 341 -197 284 2
12142 6554 246 20 36 4
14007 7447 446 -359 302 5
-4620 -8632 429 -681 323 3
14955 8467 298 -327 273 2
12467 6676 276 103 52 4
14501 6894 420 -470 284 5
-4076 -9477 462 -718 305 3
15210 7979 216 -415 255 2
12766 6795 254 100 34 4
14907 6224 345 -569 266 5
-3614 -10195 392 -610 305 3
15412 7542 171 -371 237 2
13120 6937 300 120 23 4
15177 5470 229 -641 248 5
-3107 -10969 430 -657 305 3
15461 7050 41 -418 225 2
13420 7057 255 102 5 4
15277 4676 85 -675 230 5
-2562 -11790 463 -697 305 3
15383 6571 -66 -407 207 2
13675 7159 216 86 347 4
15192 3895 -71 -663 212 5
-2099 -12487 393 -592 305 3
15123 6117 -221 -385 194 2
13901 7239 192 67 329 5
14951 3126 -204 -653 212 5
-1706 -13079 334 -503 305 3
14718 5745 -343 -316 176 2
14224 7155 274 -71 311 5
14618 2320 -282 -685 230 5
-1372 -13582 283 -427 287 3
14212 5437 -429 -261 177 2
14576 6900 299 -216 293 5
14336 1635 -239 -582 212 0
-1092 -14209 237 -532 269 3
13783 5176 -364 -221 169 2
14892 6485 268 -352 275 5
14097 1053 -203 -494 194 0
-855 -14741 201 -452 251 3
13329 5003 -386 -147 152 2
15115 5938 189 -464 257 5
13894 559 -172 -419 176 0
-654 -15193 170 -384 233 3
12943 4856 -328 -124 158 2
15201 5303 73 -540 239 5
13722 140 -146 -356 158 0
-549 -15766 89 -487 251 3
12615 4732 -278 -105 163 2
15160 4617 -34 -582 232 5
13576 -216 -124 -302 140 0
-580 -16413 -26 -549 233 3
12299 4636 -268 -81 167 2
15016 3961 -122 -557 214 5
13346 -348 -195 -112 122 0
-726 -17122 -124 -602 233 3
12003 4558 -251 -66 174 2
14829 3385 -159 -489 196 5
13103 -266 -206 69 104 0
-1014 -17839 -244 -609 215 3
11730 4502 -231 -47 156 2
14547 2867 -239 -440 193 5
12911 3 -163 228 86 0
-1449 -18506 -369 -567 197 3
11499 4455 -196 -39 151 2
14114 2443 -368 -360 175 5
12700 425 -179 358 104 0
-1818 -19073 -313 -481 215 3
11196 4437 -257 -15 169 2
13667 2116 -380 -277 157 5
12415 953 -242 448 122 0
-2131 -19554 -266 -408 233 3
10939 4422 -218 -12 175 2
13287 1839 -323 -235 153 5
12125 1595 -246 545 104 0
-2517 -20122 -328 -482 233 3
10721 4410 -185 -10 168 2
12964 1604 -274 -199 171 5
11831 2334 -250 628 104 0
-3009 -20719 -418 -507 215 3
10536 4400 -157 -8 150 2
12690 1405 -232 -169 153 5
11581 2962 -212 533 122 0
-3427 -21226 -355 -430 215 3
10379 4392 -133 -6 132 2
12458 1236 -197 -143 135 5
11369 3495 -180 453 140 0
-3782 -21656 -301 -365 197 3
10246 4386 -113 -5 114 2
12261 1093 -167 -121 117 5
11189 3948 -153 385 140 0
-4274 -22079 -418 -359 197 3
10133 4381 -96 -4 105 2
12089 1003 -146 -76 99 5
10930 4503 -220 471 122 0
-4856 -22553 -494 -402 215 3
-1 -1 -1 -1 -1 -1
-1 -1 -1 -1 -1 -1
-1 -1 -1 -1 -1 -1
-1 -1 -1 -1 -1 -1
